#Cube data
# data order-  x, y, z, texture coordinate x, texture coordinate y
-20 
-20 
-20 
 0 
 0 
-20 
 20 
-20 
 1 
 0 
-20 
-20 
 20 
 0 
 1 
-20 
-20 
 20 
 0 
 1 
-20 
 20 
-20 
 1 
 0 
-20 
 20 
 20 
 1 
 1 
 20 
-20 
-20 
 0 
 0 
 20 
 20 
-20 
 1 
 0 
 20 
-20 
 20 
 0 
 1 
 20 
-20 
 20 
 0 
 1 
 20 
 20 
-20 
 1 
 0 
 20 
 20 
 20 
 1 
 1 
-20 
-20 
-20 
 0 
 0 
 20 
-20 
-20 
 1 
 0 
-20 
-20 
 20 
 0 
 1 
-20 
-20 
 20 
 0 
 1 
 20 
-20 
-20 
 1 
 0 
 20 
-20 
 20 
 1 
 1 
-20 
 20 
-20 
 0 
 0 
 20 
 20 
-20 
 1 
 0 
-20 
 20 
 20 
 0 
 1 
-20 
 20 
 20 
 0 
 1 
 20 
 20 
-20 
 1 
 0 
 20 
 20 
 20 
 1 
 1 
-20 
-20 
-20 
 0 
 0 
 20 
-20 
-20 
 1 
 0 
-20 
 20 
-20 
 0 
 1 
-20 
 20 
-20 
 0 
 1 
 20 
-20 
-20 
 1 
 0 
 20 
 20 
-20 
 1 
 1 
-20 
-20 
 20 
 0 
 0 
 20 
-20 
 20 
 1 
 0 
-20 
 20 
 20 
 0 
 1 
-20 
 20 
 20 
 0 
 1 
 20 
-20 
 20 
 1 
 0 
 20 
 20 
 20 
 1 
 1 
